[Experiment]
train_data_paths_file=data/lists/train-dataset.txt
model_dir=model/
generate_use_cpu=True
asymptotic_alpha=0.05
hmag_max=-15

[TimingModel]
num_prev_context=3
num_next_context=3
max_depth=300

[F0Model]
feature_dim=1
fragment_length=105
dilation_factors=1,2,4,8,16,32,1,2,4,8,16
window_hop=105
initial_causal_conv_size=20
corruption=0.4
output_dist=cgm
temperature=0.001
epochs=300
patience=100
monitor=loss
residual_channels=100
skip_channels=100
lr=0.001
batch_size=64
generation_algorithm=cached

[FreqModel]
feature_dim=20
fragment_length=210
dilation_factors=1,2,4,1,2
window_hop=210
initial_causal_conv_size=10
corruption=0.4
output_dist=cgm
temperature=0.000000e+00,2.631580e-05,5.263160e-05,7.894740e-05,1.052632e-04,1.315789e-04,1.578947e-04,1.842105e-04,2.105263e-04,2.368421e-04,2.631579e-04,2.894737e-04,3.157895e-04,3.421053e-04,3.684211e-04,3.947368e-04,4.210526e-04,4.473684e-04,4.736842e-04,1.000000e-04
epochs=2000
patience=100
monitor=loss
lr=0.0005
decay=0.00001
skip_channels=16
residual_channels=20
batch_size=32
generation_algorithm=cached

[MagModel]
feature_dim=20
fragment_length=210
dilation_factors=1,2,4,8,1,2,4
window_hop=210
initial_causal_conv_size=10
corruption=0.4
output_dist=cgm
temperature=0.,0.00263158,0.00526316,0.00789474,0.01052632,0.01315789,0.01578947,0.01842105,0.02105263,0.02368421,0.02631579,0.02894737,0.03157895,0.03421053,0.03684211,0.03947368,0.04210526,0.04473684,0.04736842,0.01
epochs=2000
patience=100
monitor=loss
skip_channels=240
residual_channels=130
batch_size=32
lr=0.0005
decay=0.00001
generation_algorithm=cached

[StocModel]
feature_dim=5
fragment_length=210
dilation_factors=1,2,4
window_hop=210
initial_causal_conv_size=10
corruption=0.4
epochs=2000
patience=100
monitor=loss
lr=0.0005
decay=0.00001
skip_channels=16
residual_channels=20
batch_size=32
generation_algorithm=cached

[Audio]
#every audio has to have the same sample rate
fs = 44100
window='hamming'
M=2001
N=2048
t=-120
minSineDur=0.02
maxnSines=50
freqDevOffset=10
freqDevSlope=0.001
# size of fft used in synthesis
Ns=512
# hop size (has to be 1/4 of Ns)
H=128
spikeThreshold=1.3